0 0.109375 0.86085070916316 0.0578125 0.052018856986241604
0 0.25546875 0.6901711653310949 0.071875 0.1212599303072194
0 0.4203125 0.8381151359270003 0.165625 0.1151587524470706
0 0.45078125 0.7391791281224519 0.071875 0.05563493030721922
0 0.10546875 0.8482142999073329 0.0921875 0.07040675843752027
0 0.26015625 0.7004911064380874 0.08125 0.14658731252120455
0 0.4046875 0.8375694989036917 0.196875 0.11625002649368774
0 0.45078125 0.7391791281224519 0.071875 0.05563493030721922
1 0.55234375 0.46850701877395756 0.8953125 0.4765775014355803
1 0.55859375 0.10231902358328096 0.8578125 0.1955804725796398
1 0.10234375 0.6285739225026711 0.2046875 0.22902284500534212