0 0.14125108757465316 0.4266326223408332 0.16374041736243078 0.2583606267092362
0 0.16798954663711818 0.13131946913045126 0.061629790653194495 0.09825696846486118
0 0.34252917894902846 0.7455605410344441 0.075983231382639 0.11108427678548623
0 0.5676934863197228 0.7809667917000344 0.20222103590354196 0.23426981648875014
0 0.7511742142838894 0.5703344969627772 0.18493227165458387 0.6320890674386807
0 0.8656783510611119 0.8553251331713188 0.21014002583555574 0.10483688962701407
0 0.8690540049370838 0.6645182952154159 0.07326088772715308 0.2625013064207639
0 0.9397834258148963 0.6136266360211102 0.03412173328249999 0.05701371941479181
1 0.4313312269173267 0.4300426841768399 0.6382728643601393 0.5177084040634032
1 0.1091172669049312 0.7588099959159373 0.1902314886008336 0.3230050081681252
1 0.58984375 0.11509636350711798 0.8203125 0.23019272701423596