0 0.12049172710525342 0.4226648194782324 0.1683936134861197 0.25718630698520073
0 0.16732022915031747 0.12869210568078188 0.06375627461060622 0.09722952400410509
0 0.2984897288211131 0.7481364763886784 0.07818248746358769 0.10981133723582168
0 0.5206087697290553 0.7921490550402931 0.20677415188677947 0.23397606596219092
0 0.7187293356433152 0.5871246908735002 0.19952657086231795 0.6291794816532356
0 0.813420743864808 0.8763684771742453 0.2124210951437199 0.10590560811666876
0 0.8299275969260863 0.684898594660688 0.07942204169936495 0.25979315651766244
0 0.9031665201247666 0.6376054381430255 0.03601170783841638 0.05644998789975162
1 0.40912231809233796 0.43582685304850316 0.6476792628656167 0.5146190954272452
1 0.08120556974169059 0.7533835543529219 0.16241113948338118 0.32135789129415604
1 0.5894225496834309 0.12133412363476274 0.8211549006331383 0.2426682472695255