0 0.23702312867584513 0.44443344203531654 0.3137902623244718 0.11764422270845251
0 0.30799629070706125 0.6414726213796798 0.03321529172311406 0.03786362667090888
0 0.21383685493141247 0.648194241366953 0.08221271370395292 0.10870338534372674
0 0.08427550769037447 0.6591942813494538 0.08346095318850329 0.04313292934436319
0 0.29365715174290913 0.6913362613780889 0.04924972749876275 0.04585794000636341
0 0.3619158288121307 0.7015112400540884 0.030254066033373484 0.040952264003817976
1 0.2713582643606368 0.26659934337204366 0.4959830438708206 0.3165191693984516
0 0.24791636307201287 0.430489120703362 0.3118869255988835 0.17071467870781626
0 0.32486288613907693 0.677628297382225 0.12530097241038013 0.12638178134945371
0 0.2184457898025501 0.6646641260343621 0.08270403663473136 0.11807838534372692
0 0.09883265264742033 0.6648357540181355 0.1011331320667471 0.08237724267981754