0 0.1664945561364235 0.12849607531031923 0.06635365824437507 0.09918293467536325
0 0.12857044994440933 0.4491631113144554 0.13314372758291687 0.2171158693507264
0 0.28661280718326326 0.7730171399586382 0.060503701747361215 0.11629770934118148
0 0.5208598674037492 0.8093433492600488 0.22881859707395832 0.16668061203054413
0 0.7159951019205204 0.5797905672342772 0.20041180128986155 0.6240385786919079
0 0.8234023327344785 0.8644008298854597 0.19814917211208324 0.12414766669318063
0 0.8405392006099994 0.6650366292170963 0.06893575721819474 0.2101204346753633
0 0.9132324714115618 0.6290440378740059 0.03477634992375016 0.08475680800445425
1 0.4219385902370135 0.4621512706079118 0.5857661134102088 0.5363600494111782
1 0.14448965672576367 0.7427767513128646 0.28897931345152733 0.4113214973742709
1 0.6356627834349999 0.11089095198122814 0.7286744331300001 0.22178190396245628