0 0.10484766439636735 0.90234375 0.062067660462916716 0.0578125
0 0.20913071174855222 0.69296875 0.12824493217453847 0.1703125
0 0.30355064578511753 0.72890625 0.05476458271265781 0.06875
0 0.3613374129486253 0.846875 0.06911818114108108 0.075
0 0.46517088834151943 0.8484375 0.05828768899896399 0.04375
0 0.10364903743189664 0.89453125 0.062067660462916716 0.0578125
0 0.2080583633201288 0.69921875 0.1281721575674326 0.16875
0 0.3074012378034002 0.746875 0.07362589867609248 0.1046875
0 0.35959297643086063 0.85078125 0.12133565260503384 0.0890625
0 0.46382671216283705 0.84375 0.08943068114108108 0.075
1 0.5243362965281245 0.43359375 0.9364813870941558 0.5484375
1 0.5352225624487781 0.09921875 0.8076798751024439 0.1984375