0 0.06871158142017308 0.24032241043695352 0.06536423871722889 0.10062004809323426
0 0.1243715818823915 0.5536830167902229 0.12966608260730733 0.21837303248413775
0 0.3698358799164697 0.8081249470126244 0.05961434389007838 0.11758929328391084
0 0.6074866441022346 0.7678272961094997 0.2281203029821361 0.16874010943331222
0 0.7302638807078926 0.4911606139881817 0.1930947144358271 0.6279861346610559
0 0.8983078723946225 0.724111979327126 0.16283027210332363 0.12431549763774719
0 0.8750164395625234 0.5321526578202468 0.06702969028743908 0.21150298439090348
0 0.9352014332943174 0.4754190189828396 0.033705061757624576 0.08546627404661714
1 0.4115737166804121 0.4734126411148418 0.5808100116119755 0.5416270602437698
1 0.18438439403572768 0.8147271549946579 0.36876878807145536 0.36901790634542025
1 0.5449511356559504 0.09034969228811893 0.800722728688099 0.18069938457623785