0 0.09139395691808958 0.7915897884745874 0.06076043758467107 0.0582688569862416
0 0.2298379019659925 0.6209648083448533 0.12446881275401314 0.17278771397248321
0 0.3166252510160528 0.6848214664195541 0.05352114767057934 0.06893353847458741
0 0.35084752204695197 0.8170263312103441 0.06791119629109836 0.07567461179556503
0 0.45240337799441727 0.8502059081595188 0.05846095318850324 0.044151793283910834
0 0.0917657711424408 0.7838045703257528 0.06076043758467107 0.0582688569862416
0 0.22782170058651147 0.627132962791357 0.12438692559888347 0.1712252139724834
0 0.31682664687760986 0.7035441845683886 0.07102955223856364 0.10541667549789598
0 0.3486675463572114 0.8200694856568477 0.11856629353213632 0.08992065027015243
0 0.45137646652902796 0.8454911263083534 0.08822369629109836 0.07638393992586642
1 0.5604638664629149 0.47017864617861926 0.8790722670741703 0.5513592466262569
1 0.6296875 0.1290204220393349 0.740625 0.23992569490482563