0 0.058578387609414986 0.8542020217488299 0.06043288896415207 0.052355678859192525
0 0.21684566825125257 0.6876259698853943 0.07497342378986112 0.12155134783255335
0 0.37177110640175054 0.838778587489611 0.16963082654882305 0.11293503460041095
0 0.4090021907524898 0.7408650109115961 0.07457727611928178 0.0544911818249421
0 0.05532723485045299 0.8415428542583439 0.09562676051544958 0.0693813527754692
0 0.22104184532047402 0.6971919708739774 0.08713923111680746 0.145434516805914
0 0.35614610640175054 0.8381419175276671 0.20088082654882305 0.11420837452429886
0 0.4090021907524898 0.7408650109115961 0.07457727611928178 0.0544911818249421
1 0.5310630557450666 0.4733830336490089 0.9131439676606818 0.4659776878308032
1 0.5614487550883827 0.10273495262236973 0.8646024898232347 0.19426451391452654
1 0.08706349050263287 0.6220752712545382 0.17412698100526575 0.22689937551288217