0 0.27766071304961837 0.40392540488134543 0.3205696859797918 0.160085745242489
0 0.34256293369868107 0.60502983250777 0.03688305737069451 0.042298815963434676
0 0.2479953161075005 0.6078701962376744 0.09015483415618064 0.11813787799792799
0 0.11903451472072968 0.6115303513239075 0.08710126291777782 0.0540026033908223
0 0.3265028290252784 0.6542678531859344 0.0526898953265972 0.05083906203449331
0 0.3940721887326742 0.6675447950803826 0.033830792553055565 0.04527826674922295
1 0.3165744766329863 0.22770535318593438 0.516177045971528 0.3830267473094036
0 0.28830727232017395 0.3909159826316045 0.3218061840799307 0.213210745242489
0 0.3582795058870144 0.6418384737402644 0.134450348023889 0.14361306699689216
0 0.25226524201930606 0.6233132597199097 0.09193553970326392 0.12758565260503385
0 0.13327885267663248 0.6186878798599549 0.10679682028847229 0.09550089867609249